# Matter power spectrum P(k) at redshift z=0
# for k=1.48588e-07 to 36.0195 h/Mpc,
# number of wavenumbers equal to 586
#    1:k (h/Mpc)              2:P (Mpc/h)^3        
       1.485884101040e-07       8.460684079785e-01 
       1.056470626398e-05       5.113511138957e+01 
       2.346164194085e-05       1.101560002506e+02 
       3.640431706386e-05       1.680796268144e+02 
       4.942764248486e-05       2.255512793877e+02 
       6.256711031075e-05       2.829346641257e+02 
       7.585911115981e-05       3.404997564632e+02 
       8.934126161858e-05       3.984756208086e+02 
       1.030527462634e-04       4.570719452931e+02 
       1.170346786436e-04       5.164900271352e+02 
       1.313304856580e-04       5.769293492838e+02 
       1.459863197602e-04       6.385920825725e+02 
       1.485884101040e-04       6.495103280411e+02 
       1.610515033674e-04       7.016865459716e+02 
       1.765790096639e-04       7.664301701038e+02 
       1.926259836113e-04       8.330515707917e+02 
       2.092543063052e-04       9.017940326003e+02 
       2.265312047190e-04       9.729168161512e+02 
       2.445299071744e-04       1.046697974156e+03 
       2.633303423572e-04       1.123436544705e+03 
       2.830198760744e-04       1.203454763668e+03 
       3.036940748928e-04       1.287100175349e+03 
       3.254574789195e-04       1.374747541754e+03 
       3.484243568818e-04       1.466800427991e+03 
       3.727194049494e-04       1.563692294659e+03 
       3.984783361656e-04       1.665886873429e+03 
       4.258482899582e-04       1.773877556911e+03 
       4.549879715390e-04       1.888185451832e+03 
       4.860674104831e-04       2.009355760892e+03 
       5.192672090452e-04       2.137952068517e+03 
       5.547771380410e-04       2.274548152679e+03 
       5.927939374076e-04       2.419717061109e+03 
       6.335181973787e-04       2.574017293084e+03 
       6.771502426042e-04       2.737976186359e+03 
       7.238850218712e-04       2.912071038977e+03 
       7.739061218604e-04       3.096708790760e+03 
       8.273791673343e-04       3.292205366797e+03 
       8.844450233444e-04       3.498766963220e+03 
       9.452133467501e-04       3.716473716197e+03 
       1.009757107181e-03       3.945268711668e+03 
       1.078108678057e-03       4.184952324735e+03 
       1.150257970235e-03       4.435183723586e+03 
       1.226152855935e-03       4.695488283229e+03 
       1.305701849943e-03       4.965268513370e+03 
       1.388778738337e-03       5.243812203063e+03 
       1.475228631613e-03       5.530320523820e+03 
       1.564874808506e-03       5.823972214751e+03 
       1.657525718141e-03       6.123883490568e+03 
       1.752981601774e-03       6.429155309340e+03 
       1.851040344241e-03       6.738893167931e+03 
       1.951502329638e-03       7.052226459840e+03 
       2.054174224054e-03       7.368322204601e+03 
       2.158871722256e-03       7.686396967583e+03 
       2.265421369537e-03       8.005722800398e+03 
       2.373661608189e-03       8.325631654241e+03 
       2.483443208363e-03       8.645515567639e+03 
       2.594629234771e-03       8.964825983772e+03 
       2.707094681937e-03       9.283071153210e+03 
       2.820725887674e-03       9.599814194747e+03 
       2.935419811245e-03       9.914666662548e+03 
       3.051083241567e-03       1.022728752912e+04 
       3.167631982939e-03       1.053737725180e+04 
       3.284990051310e-03       1.084467549792e+04 
       3.403088902916e-03       1.114895340748e+04 
       3.521866708684e-03       1.145001592964e+04 
       3.641267681674e-03       1.174769175109e+04 
       3.761241460541e-03       1.204183632820e+04 
       3.881742549020e-03       1.233232389895e+04 
       4.002729809554e-03       1.261905046488e+04 
       4.124166008009e-03       1.290192803753e+04 
       4.246017405761e-03       1.318087959089e+04 
       4.368253395187e-03       1.345584747730e+04 
       4.490846174530e-03       1.372678200458e+04 
       4.613770458245e-03       1.399364570264e+04 
       4.737003219153e-03       1.425640854319e+04 
       4.860523458977e-03       1.451503185646e+04 
       4.984312004148e-03       1.476952743548e+04 
       5.108351324050e-03       1.501990082365e+04 
       5.232625369170e-03       1.526612663223e+04 
       5.357119426869e-03       1.550821173829e+04 
       5.481819992775e-03       1.574615835812e+04 
       5.606714655986e-03       1.598004673520e+04 
       5.731791996509e-03       1.620979850584e+04 
       5.857041493533e-03       1.643547809871e+04 
       5.982453443300e-03       1.665710054691e+04 
       6.108018885485e-03       1.687469068365e+04 
       6.233729537119e-03       1.708826944277e+04 
       6.359577733229e-03       1.729787448732e+04 
       6.485556373419e-03       1.750353322526e+04 
       6.611658873761e-03       1.770526638254e+04 
       6.737879123408e-03       1.790312471480e+04 
       6.864211445411e-03       1.809712383603e+04 
       6.990650561296e-03       1.828730453579e+04 
       7.117191558997e-03       1.847368584202e+04 
       7.243829863798e-03       1.865633337578e+04 
       7.370561211962e-03       1.883525700634e+04 
       7.497381626774e-03       1.901050317399e+04 
       7.624287396752e-03       1.918210544611e+04 
       7.751275055812e-03       1.935009533793e+04 
       7.878341365178e-03       1.951450737166e+04 
       8.005483296882e-03       1.967539889806e+04 
       8.132698018682e-03       1.983278984740e+04 
       8.259982880275e-03       1.998672833633e+04 
       8.387335400677e-03       2.013722935718e+04 
       8.514753256646e-03       2.028436351236e+04 
       8.642234272080e-03       2.042813533849e+04 
       8.769776408269e-03       2.056859125194e+04 
       8.897377754940e-03       2.070576739403e+04 
       9.025036522023e-03       2.083970955894e+04 
       9.152751032066e-03       2.097043551262e+04 
       9.280519713250e-03       2.109801322890e+04 
       9.408341092942e-03       2.122244835531e+04 
       9.536213791750e-03       2.134378064241e+04 
       9.664136518030e-03       2.146204156351e+04 
       9.792108062807e-03       2.157728407890e+04 
       9.920127295083e-03       2.168953237429e+04 
       1.004819315749e-02       2.179880398555e+04 
       1.017630466225e-02       2.190516653710e+04 
       1.030446088749e-02       2.200862724999e+04 
       1.043266097370e-02       2.210923356616e+04 
       1.056090412063e-02       2.220702542024e+04 
       1.068918958422e-02       2.230201134656e+04 
       1.081751667389e-02       2.239422266413e+04 
       1.094588474994e-02       2.248371800076e+04 
       1.107429322119e-02       2.257052714575e+04 
       1.120274154275e-02       2.265467697554e+04 
       1.133122921394e-02       2.273619389522e+04 
       1.145975577640e-02       2.281509748914e+04 
       1.158832081229e-02       2.289144516663e+04 
       1.171692394261e-02       2.296522192025e+04 
       1.184556482572e-02       2.303652550492e+04 
       1.197424315583e-02       2.310534412037e+04 
       1.210295866171e-02       2.317168565219e+04 
       1.223171110544e-02       2.323562231526e+04 
       1.236050028124e-02       2.329717577567e+04 
       1.248932601440e-02       2.335637253892e+04 
       1.261818816033e-02       2.341321791440e+04 
       1.274708660356e-02       2.346777151094e+04 
       1.287602125695e-02       2.352003934216e+04 
       1.300499206084e-02       2.357006312174e+04 
       1.313399898236e-02       2.361787466686e+04 
       1.326304201474e-02       2.366349095358e+04 
       1.339212117666e-02       2.370694940420e+04 
       1.352123651170e-02       2.374825639584e+04 
       1.365038808780e-02       2.378746625807e+04 
       1.377957599677e-02       2.382457899044e+04 
       1.390880035384e-02       2.385962792822e+04 
       1.403806129729e-02       2.389265120479e+04 
       1.416735898803e-02       2.392367279045e+04 
       1.429669360931e-02       2.395271950575e+04 
       1.442606536638e-02       2.397978112121e+04 
       1.455547448629e-02       2.400492225912e+04 
       1.468492121757e-02       2.402816151852e+04 
       1.481440583012e-02       2.404954182624e+04 
       1.494392861493e-02       2.406903608965e+04 
       1.507348988403e-02       2.408670916653e+04 
       1.520308997027e-02       2.410257619938e+04 
       1.533272922732e-02       2.411667639824e+04 
       1.546240802948e-02       2.412901358104e+04 
       1.559212677176e-02       2.413961612869e+04 
       1.572188586971e-02       2.414851605463e+04 
       1.585168575954e-02       2.415573652142e+04 
       1.598152689804e-02       2.416126568229e+04 
       1.611140976265e-02       2.416517762820e+04 
       1.624133485152e-02       2.416744829051e+04 
       1.637130268356e-02       2.416811634229e+04 
       1.650131379857e-02       2.416723884955e+04 
       1.663136875729e-02       2.416479909004e+04 
       1.676146814158e-02       2.416081759541e+04 
       1.689161255454e-02       2.415530976581e+04 
       1.702180262069e-02       2.414837487582e+04 
       1.715203898614e-02       2.413994571270e+04 
       1.728232231878e-02       2.413004642252e+04 
       1.741265330851e-02       2.411878097737e+04 
       1.754303266748e-02       2.410607868371e+04 
       1.767346113031e-02       2.409197535749e+04 
       1.780393945437e-02       2.407652350185e+04 
       1.793446842009e-02       2.405978989542e+04 
       1.806504883119e-02       2.404169286904e+04 
       1.819568151507e-02       2.402229659870e+04 
       1.832636732311e-02       2.400162227211e+04 
       1.845710713099e-02       2.397971622646e+04 
       1.858790183911e-02       2.395654265000e+04 
       1.871875237294e-02       2.393217561387e+04 
       1.884965968342e-02       2.390658559052e+04 
       1.898062474738e-02       2.387983818849e+04 
       1.911164856799e-02       2.385190307067e+04 
       1.924273217518e-02       2.382283336652e+04 
       1.937387662614e-02       2.379262112677e+04 
       1.950508300578e-02       2.376137611608e+04 
       1.963635242727e-02       2.372899871233e+04 
       1.976768603252e-02       2.369554778027e+04 
       1.989908499278e-02       2.366102395984e+04 
       2.003055050913e-02       2.362554553996e+04 
       2.016208381313e-02       2.358896442664e+04 
       2.029368616739e-02       2.355142113393e+04 
       2.042535886620e-02       2.351294827384e+04 
       2.055710323616e-02       2.347348003799e+04 
       2.068892063687e-02       2.343308641177e+04 
       2.082081246158e-02       2.339167403823e+04 
       2.095278013797e-02       2.334947912476e+04 
       2.108482512878e-02       2.330635085881e+04 
       2.121694893267e-02       2.326232792365e+04 
       2.134915308491e-02       2.321743283616e+04 
       2.148143915828e-02       2.317171471206e+04 
       2.161380876379e-02       2.312517343843e+04 
       2.174626355164e-02       2.307783920809e+04 
       2.187880521204e-02       2.302968535610e+04 
       2.201143547614e-02       2.298076161540e+04 
       2.214415611699e-02       2.293108256621e+04 
       2.227696895047e-02       2.288067185709e+04 
       2.240987583631e-02       2.282947739900e+04 
       2.254287867916e-02       2.277761531166e+04 
       2.267597942956e-02       2.272506820647e+04 
       2.280918008515e-02       2.267173520923e+04 
       2.294248269170e-02       2.261781995741e+04 
       2.307588934435e-02       2.256325083692e+04 
       2.320940218876e-02       2.250797891976e+04 
       2.334302342241e-02       2.245215928104e+04 
       2.347675529581e-02       2.239570371917e+04 
       2.361060011387e-02       2.233856598980e+04 
       2.374456023726e-02       2.228092680518e+04 
       2.387863808380e-02       2.222271235103e+04 
       2.401283612989e-02       2.216389572348e+04 
       2.414715691206e-02       2.210459805030e+04 
       2.428160302848e-02       2.204473000533e+04 
       2.441617714055e-02       2.198431289729e+04 
       2.455088197457e-02       2.192340012933e+04 
       2.468572032343e-02       2.186203321184e+04 
       2.482069504834e-02       2.180015384691e+04 
       2.495580908068e-02       2.173784311093e+04 
       2.509106542386e-02       2.167504226228e+04 
       2.522646715523e-02       2.161191593370e+04 
       2.536201742813e-02       2.154815279312e+04 
       2.549771947389e-02       2.148410193988e+04 
       2.563357660402e-02       2.141958573874e+04 
       2.576959221239e-02       2.135473051770e+04 
       2.590576977752e-02       2.128942011870e+04 
       2.604211286494e-02       2.122377774399e+04 
       2.617862512961e-02       2.115785756666e+04 
       2.631531031849e-02       2.109149082887e+04 
       2.645217227310e-02       2.102478418639e+04 
       2.658921493227e-02       2.095779033164e+04 
       2.672644233492e-02       2.089049666340e+04 
       2.686385862295e-02       2.082284587534e+04 
       2.700146804427e-02       2.075488181614e+04 
       2.713927495589e-02       2.068661660258e+04 
       2.727728382713e-02       2.061816813502e+04 
       2.741549924302e-02       2.054942895520e+04 
       2.755392590767e-02       2.048042039608e+04 
       2.769256864796e-02       2.041113515762e+04 
       2.783143241720e-02       2.034166250325e+04 
       2.797052229901e-02       2.027193750317e+04 
       2.810984351135e-02       2.020202428901e+04 
       2.824940141065e-02       2.013180101181e+04 
       2.838920149616e-02       2.006148037311e+04 
       2.852924941443e-02       1.999094084704e+04 
       2.866955096396e-02       1.992022813023e+04 
       2.881011210009e-02       1.984927809249e+04 
       2.895093893998e-02       1.977824506806e+04 
       2.909203776787e-02       1.970696300479e+04 
       2.923341504057e-02       1.963557094557e+04 
       2.937507739306e-02       1.956404498354e+04 
       2.951703164444e-02       1.949244213729e+04 
       2.965928480405e-02       1.942062298646e+04 
       2.980184407788e-02       1.934872723094e+04 
       2.994471687524e-02       1.927665260239e+04 
       3.008791081566e-02       1.920456710821e+04 
       3.023143373620e-02       1.913232639420e+04 
       3.037529369895e-02       1.905999522836e+04 
       3.051949899891e-02       1.898759894533e+04 
       3.066405817224e-02       1.891511915621e+04 
       3.080898000482e-02       1.884255669023e+04 
       3.095427354121e-02       1.876991828406e+04 
       3.109994809404e-02       1.869726599153e+04 
       3.124601325376e-02       1.862448177272e+04 
       3.139247889891e-02       1.855175775545e+04 
       3.153935520678e-02       1.847895623041e+04 
       3.168665266466e-02       1.840596657259e+04 
       3.183438208154e-02       1.833314038141e+04 
       3.198255460039e-02       1.826022281362e+04 
       3.213118171104e-02       1.818728887816e+04 
       3.228027526365e-02       1.811429762483e+04 
       3.242984748286e-02       1.804134249201e+04 
       3.257991098265e-02       1.796835528187e+04 
       3.273047878189e-02       1.789531740249e+04 
       3.288156432070e-02       1.782232344445e+04 
       3.303318147766e-02       1.774943554704e+04 
       3.318534458785e-02       1.767648538841e+04 
       3.333806846184e-02       1.760352200129e+04 
       3.349136840573e-02       1.753055656588e+04 
       3.364526024212e-02       1.745764957351e+04 
       3.379976033236e-02       1.738467014939e+04 
       3.395488559984e-02       1.731188700837e+04 
       3.411065355467e-02       1.723904872782e+04 
       3.426708231965e-02       1.716615939355e+04 
       3.442419065770e-02       1.709346976078e+04 
       3.458199800085e-02       1.702073211615e+04 
       3.474052448089e-02       1.694797189792e+04 
       3.489979096171e-02       1.687536738087e+04 
       3.505981907362e-02       1.680276826932e+04 
       3.522063124963e-02       1.673028657333e+04 
       3.538225076389e-02       1.665767587814e+04 
       3.554470177248e-02       1.658522223741e+04 
       3.570800935669e-02       1.651282549508e+04 
       3.587219956887e-02       1.644045079385e+04 
       3.603729948132e-02       1.636818829618e+04 
       3.620333723810e-02       1.629592886863e+04 
       3.637034211025e-02       1.622376443013e+04 
       3.653834455459e-02       1.615157745275e+04 
       3.670737627633e-02       1.607948027378e+04 
       3.687747029586e-02       1.600751446590e+04 
       3.704866102009e-02       1.593550882875e+04 
       3.722098431856e-02       1.586365224301e+04 
       3.739447760491e-02       1.579175683127e+04 
       3.756917992399e-02       1.571997574081e+04 
       3.774513204519e-02       1.564823761019e+04 
       3.792237656249e-02       1.557651558611e+04 
       3.810095800180e-02       1.550490076321e+04 
       3.828092293626e-02       1.543329756639e+04 
       3.846232011021e-02       1.536173201988e+04 
       3.864520057258e-02       1.529019976604e+04 
       3.882961782066e-02       1.521876301816e+04 
       3.901562795506e-02       1.514736586082e+04 
       3.920328984712e-02       1.507596347591e+04 
       3.939266531979e-02       1.500464974886e+04 
       3.958381934344e-02       1.493333919235e+04 
       3.977682024797e-02       1.486202713537e+04 
       3.997173995290e-02       1.479082080879e+04 
       4.016865421740e-02       1.471952987866e+04 
       4.036764291207e-02       1.464831950733e+04 
       4.056879031512e-02       1.457713024193e+04 
       4.077218543523e-02       1.450590903664e+04 
       4.097792236430e-02       1.443466275660e+04 
       4.118610066322e-02       1.436346221962e+04 
       4.139682578454e-02       1.429222382431e+04 
       4.161020953620e-02       1.422090953351e+04 
       4.182637059119e-02       1.414964639300e+04 
       4.204543504866e-02       1.407831379249e+04 
       4.226753705272e-02       1.400689997994e+04 
       4.249281947603e-02       1.393546978078e+04 
       4.272143467661e-02       1.386396057637e+04 
       4.295354533697e-02       1.379235130625e+04 
       4.318932539681e-02       1.372073133430e+04 
       4.342896109149e-02       1.364893312739e+04 
       4.367265211106e-02       1.357705532134e+04 
       4.392061289659e-02       1.350503791056e+04 
       4.417307409343e-02       1.343284169164e+04 
       4.443028418450e-02       1.336051487796e+04 
       4.469251133027e-02       1.328801406577e+04 
       4.496004544722e-02       1.321530466678e+04 
       4.523320056197e-02       1.314237616852e+04 
       4.551231748508e-02       1.306922638647e+04 
       4.579776685704e-02       1.299580511063e+04 
       4.608995262869e-02       1.292202697688e+04 
       4.638931605072e-02       1.284808321475e+04 
       4.669634026190e-02       1.277370692527e+04 
       4.701155558404e-02       1.269894670809e+04 
       4.733554565438e-02       1.262375134247e+04 
       4.766895455449e-02       1.254815660094e+04 
       4.801249512951e-02       1.247202255447e+04 
       4.836695873583e-02       1.239536820622e+04 
       4.873322670993e-02       1.231809317438e+04 
       4.911228392071e-02       1.224012978515e+04 
       4.950523485518e-02       1.216153548055e+04 
       4.991332279863e-02       1.208207456137e+04 
       5.033795281197e-02       1.200173620205e+04 
       5.078071938885e-02       1.192041956505e+04 
       5.124343990559e-02       1.183801374438e+04 
       5.172819526879e-02       1.175438428495e+04 
       5.223737953680e-02       1.166936926218e+04 
       5.277376075656e-02       1.158279747195e+04 
       5.334055583301e-02       1.149450385061e+04 
       5.394152293925e-02       1.140415010419e+04 
       5.458107576241e-02       1.131142072023e+04 
       5.526442468460e-02       1.121604594746e+04 
       5.599775061605e-02       1.111747486831e+04 
       5.678841716980e-02       1.101500608666e+04 
       5.764522523569e-02       1.090800111424e+04 
       5.857870888210e-02       1.079539265100e+04 
       5.960145934209e-02       1.067568704902e+04 
       6.072843844090e-02       1.054721411846e+04 
       6.197719460748e-02       1.040748109304e+04 
       6.336781212560e-02       1.025335506992e+04 
       6.492230383164e-02       1.008046821599e+04 
       6.666303224616e-02       9.883505244946e+03 
       6.860974071605e-02       9.656098606408e+03 
       7.077515554936e-02       9.391639928341e+03 
       7.316012320251e-02       9.084762721351e+03 
       7.575053287514e-02       8.733559589321e+03 
       7.851845916814e-02       8.341678831969e+03 
       8.142782485766e-02       7.918961538405e+03 
       8.444184318207e-02       7.480367585361e+03 
       8.752871081762e-02       7.043199145031e+03 
       9.066400615372e-02       6.624268374586e+03 
       9.383046784245e-02       6.237541092447e+03 
       9.701655803029e-02       5.892827406855e+03 
       1.002148401022e-01       5.595343560158e+03 
       1.034206303553e-01       5.345934447510e+03 
       1.066310211162e-01       5.141750276817e+03 
       1.098442231899e-01       4.977051112386e+03 
       1.130591414971e-01       4.844061824917e+03 
       1.162751078991e-01       4.733890933715e+03 
       1.194917154530e-01       4.637354710282e+03 
       1.227087164965e-01       4.545726408911e+03 
       1.259259603147e-01       4.451568799357e+03 
       1.291433551382e-01       4.349286973356e+03 
       1.323608450190e-01       4.235539872193e+03 
       1.355783957758e-01       4.109365492899e+03 
       1.387959864568e-01       3.971976780420e+03 
       1.420136041555e-01       3.826361550255e+03 
       1.452312408626e-01       3.676665005317e+03 
       1.484488915551e-01       3.527539865979e+03 
       1.485884101040e-01       3.521159744547e+03 
       1.516665530346e-01       3.383531152381e+03 
       1.548842232216e-01       3.248599379165e+03 
       1.581019007267e-01       3.125728388279e+03 
       1.613195845885e-01       3.016772156773e+03 
       1.645372741145e-01       2.922401215487e+03 
       1.677549687834e-01       2.842173184593e+03 
       1.709726681851e-01       2.774708148653e+03 
       1.741903719836e-01       2.717892599459e+03 
       1.774080798944e-01       2.669155555576e+03 
       1.806257916693e-01       2.625703345836e+03 
       1.838435070877e-01       2.584959918339e+03 
       1.870612259501e-01       2.544706407926e+03 
       1.902789480745e-01       2.502467922465e+03 
       1.934966732933e-01       2.456779288733e+03 
       1.967144014510e-01       2.406886065319e+03 
       1.999321324035e-01       2.352801930371e+03 
       2.031498660160e-01       2.295201183888e+03 
       2.063676021626e-01       2.235279835483e+03 
       2.095853407254e-01       2.174489222280e+03 
       2.128030815939e-01       2.114340060389e+03 
       2.160208246641e-01       2.056225248764e+03 
       2.192385698383e-01       2.001258032651e+03 
       2.224563170246e-01       1.950252626583e+03 
       2.256740661361e-01       1.903721832963e+03 
       2.288918170912e-01       1.861867189125e+03 
       2.321095698126e-01       1.824590350319e+03 
       2.353273242274e-01       1.791532870505e+03 
       2.385450802666e-01       1.762084451352e+03 
       2.417628378650e-01       1.735459732618e+03 
       2.449805969605e-01       1.710773339535e+03 
       2.481983574948e-01       1.687125076416e+03 
       2.514161194121e-01       1.663744374353e+03 
       2.546338826597e-01       1.639983273204e+03 
       2.578516471875e-01       1.615427376772e+03 
       2.610694129478e-01       1.589855090636e+03 
       2.642871798955e-01       1.563631017833e+03 
       2.675049479873e-01       1.536047546806e+03 
       2.707227171822e-01       1.507839828827e+03 
       2.739404874412e-01       1.479379213090e+03 
       2.771582587270e-01       1.451103139089e+03 
       2.803760310039e-01       1.423464961416e+03 
       2.835938042382e-01       1.396883673398e+03 
       2.868115783973e-01       1.371696345991e+03 
       2.900293534504e-01       1.348124687746e+03 
       2.932471293678e-01       1.326241917699e+03 
       2.964649061212e-01       1.306024131684e+03 
       2.996826836836e-01       1.287305099298e+03 
       3.029004620291e-01       1.269895218626e+03 
       3.061182411328e-01       1.253543311499e+03 
       3.093360209709e-01       1.237996219286e+03 
       3.125538015207e-01       1.222995454934e+03 
       3.157715827603e-01       1.208300573701e+03 
       3.189893646686e-01       1.193700496833e+03 
       3.222071472257e-01       1.179026423805e+03 
       3.254249304120e-01       1.164169079666e+03 
       3.286427142092e-01       1.149094050188e+03 
       3.318604985992e-01       1.133833121198e+03 
       3.350782835649e-01       1.118471922456e+03 
       3.382960690899e-01       1.103138960748e+03 
       3.415138551583e-01       1.087956472723e+03 
       3.447316417547e-01       1.073060141548e+03 
       3.479494288644e-01       1.058551687385e+03 
       3.511672164734e-01       1.044523628550e+03 
       3.543850045678e-01       1.031046145701e+03 
       3.576027931346e-01       1.018162036262e+03 
       3.608205821610e-01       1.005886821867e+03 
       3.640383716349e-01       9.942034192327e+02 
       3.672561615444e-01       9.830679279820e+02 
       3.704739518780e-01       9.723979759165e+02 
       3.736917426249e-01       9.621020972027e+02 
       3.769095337743e-01       9.520839259721e+02 
       3.801273253160e-01       9.422602889602e+02 
       3.833451172401e-01       9.325643068509e+02 
       3.865629095371e-01       9.229484895023e+02 
       3.897807021975e-01       9.133865311741e+02 
       3.929984952125e-01       9.038692552391e+02 
       3.962162885733e-01       8.943901452139e+02 
       3.994340822717e-01       8.849579668769e+02 
       4.026518762994e-01       8.755903466919e+02 
       4.058696706487e-01       8.663170964911e+02 
       4.090874653118e-01       8.571808577317e+02 
       4.123052602814e-01       8.482128979208e+02 
       4.155230555504e-01       8.394536331777e+02 
       4.187408511118e-01       8.309215843101e+02 
       4.219586469590e-01       8.226288011784e+02 
       4.251764430853e-01       8.145728785734e+02 
       4.283942394846e-01       8.067453763291e+02 
       4.316120361506e-01       7.991343159222e+02 
       4.348298330774e-01       7.917273172622e+02 
       4.380476302593e-01       7.845088438689e+02 
       4.412654276906e-01       7.774653686247e+02 
       4.444832253659e-01       7.705717422441e+02 
       4.477010232800e-01       7.638029854248e+02 
       4.509188214277e-01       7.571339398630e+02 
       4.541366198040e-01       7.505426876415e+02 
       4.573544184041e-01       7.440179409147e+02 
       4.605722172233e-01       7.375543584988e+02 
       4.637900162569e-01       7.311537634206e+02 
       4.670078155006e-01       7.248182444709e+02 
       4.702256149501e-01       7.185554301805e+02 
       4.734434146010e-01       7.123711769057e+02 
       4.766612144494e-01       7.062700470372e+02 
       4.798790144912e-01       7.002594232185e+02 
       4.830968147225e-01       6.943471557103e+02 
       4.863146151397e-01       6.885435476051e+02 
       4.895324157389e-01       6.828536382356e+02 
       4.927502165167e-01       6.772898095331e+02 
       4.959680174695e-01       6.718455880967e+02 
       4.991858185939e-01       6.665149246879e+02 
       5.024036198867e-01       6.612902408652e+02 
       5.056214213446e-01       6.561567189988e+02 
       5.088392229645e-01       6.511054941659e+02 
       5.120570247432e-01       6.461302946794e+02 
       5.152748266779e-01       6.412249791032e+02 
       5.184926287656e-01       6.363850520848e+02 
       5.217104310035e-01       6.316055831971e+02 
       5.249282333888e-01       6.268805547920e+02 
       5.281460359187e-01       6.222058559037e+02 
       5.313638385907e-01       6.175790027066e+02 
       5.345816414022e-01       6.130011549900e+02 
       5.377994443507e-01       6.084761765623e+02 
       5.410172474337e-01       6.040092205758e+02 
       5.442350506489e-01       5.996048923211e+02 
       5.474528539938e-01       5.952655825600e+02 
       5.506706574662e-01       5.909906169683e+02 
       5.538884610640e-01       5.867780216530e+02 
       5.571062647848e-01       5.826252677617e+02 
       5.603240686266e-01       5.785325545969e+02 
       5.635418725873e-01       5.744983683228e+02 
       5.667596766649e-01       5.705236735042e+02 
       5.699774808573e-01       5.666079054102e+02 
       5.731952851627e-01       5.627480446729e+02 
       5.764130895792e-01       5.589406560053e+02 
       5.796308941049e-01       5.551804805919e+02 
       5.828486987379e-01       5.514638108719e+02 
       5.860665034765e-01       5.477885872328e+02 
       5.892843083190e-01       5.441538697540e+02 
       5.925021132637e-01       5.405604934489e+02 
       5.957199183089e-01       5.370098420993e+02 
       5.989377234530e-01       5.335006963156e+02 
       6.021555286944e-01       5.300298918189e+02 
       6.053733340315e-01       5.265963300158e+02 
       6.085911394629e-01       5.231990649977e+02 
       6.118089449869e-01       5.198382673442e+02 
       6.150267506023e-01       5.165156308344e+02 
       6.182445563075e-01       5.132326590537e+02 
       6.214623621011e-01       5.099911305522e+02 
       6.246801679819e-01       5.067913847415e+02 
       6.278979739483e-01       5.036297985726e+02 
       6.311157799992e-01       5.005052493138e+02 
       6.343335861332e-01       4.974156468565e+02 
       6.716080021207e-01       4.639661130345e+02 
       7.165587080684e-01       4.285344619029e+02 
       7.734657105414e-01       3.898575924103e+02 
       8.506992995603e-01       3.458550626235e+02 
       9.657758920951e-01       2.934872468591e+02 
       1.151710067618e+00       2.311726141627e+02 
       1.434587736270e+00       1.682198271628e+02 
       1.805258908884e+00       1.176874100451e+02 
       2.272677893038e+00       8.034137339900e+01 
       2.861131936309e+00       5.367522037318e+01 
       3.601951701112e+00       3.519370177815e+01 
       4.534588528585e+00       2.270247464555e+01 
       5.708708730666e+00       1.443299038359e+01 
       7.186838489566e+00       9.057413857794e+00 
       9.047693604975e+00       5.617543513040e+00 
       1.139037139743e+01       3.446882949358e+00 
       1.433962800200e+01       2.094414923109e+00 
       1.805252208739e+01       1.261190309374e+00 
       2.272677880279e+01       7.532484341900e-01 
       2.861131936306e+01       4.464623954010e-01 
       3.601951701112e+01       2.628096700770e-01 
